1 0
4
0
2 0
4
0
3 0
2
4
5 0
3
0
11 0
4
0
12 0
2
0
0 1
4
0
1 1
4
0
8 1
1
1
9 1
1
4
10 1
1
0
12 1
4
0
0 2
4
0
4 2
1
1
5 2
1
1
6 2
1
0
7 2
1
0
8 2
1
0
9 2
1
4
10 2
1
0
11 2
1
4
2 3
1
1
3 3
1
0
4 3
1
4
7 3
1
0
8 3
1
0
9 3
1
0
10 3
1
2
11 3
1
4
1 4
1
2
2 4
1
0
3 4
1
0
5 4
2
3
6 4
1
2
7 4
1
0
8 4
1
0
9 4
1
0
10 4
1
4
1 5
1
0
2 5
1
0
3 5
1
0
6 5
1
2
7 5
1
0
8 5
1
0
9 5
1
0
10 5
1
4
11 5
1
0
12 5
1
0
1 6
1
0
2 6
1
0
3 6
1
0
5 6
2
3
7 6
1
0
8 6
1
0
9 6
1
0
10 6
1
4
11 6
1
0
12 6
6
0
1 7
1
2
2 7
1
0
3 7
1
0
4 7
1
4
7 7
1
0
8 7
1
0
9 7
1
0
10 7
1
4
11 7
1
0
12 7
1
0
1 8
1
2
2 8
1
0
3 8
1
0
4 8
1
0
5 8
1
0
6 8
1
0
7 8
1
0
8 8
1
0
9 8
1
0
10 8
1
2
11 8
1
4
2 9
1
0
3 9
1
0
4 9
1
0
5 9
1
0
6 9
1
0
7 9
1
0
8 9
1
0
9 9
1
4
10 9
1
0
11 9
1
4
2 10
1
2
3 10
1
0
8 10
1
3
9 10
1
4
10 10
1
0
12 10
4
0
0 11
4
0
3 11
1
3
4 11
1
3
6 11
3
0
11 11
4
0
12 11
4
0
1 12
4
0
2 12
2
4
6 12
3
0
10 12
4
0
11 12
4
0
12 12
2
0
